9,10,11;33,34,35
1,2,3,4;3,4,5,6
61,62,63,64,65,66,67,68,69,70;69,70,71,72,73
85,86,87,88,89,90,91,92,93,94,95,96,97;89,90,91,92,93,94,95,96,97,98
20,25,36,45,89;25,36,77,88,98
57,58,59,60,61,62,63,64,65,66,67,68,69,70;95,96,97,98,99,100,101,102,103,104,105,106,107,108,109
9,10,11;11,12,13
54,55,56,57,58,59,60;85,86,87,88,89,90
54,55,56,57,58,59,60,61,62,63;92,93,94,95,96,97,98,99,100,101,102,103,104,105,106
73,74,75,76,77,78,79;96,97,98,99,100,101,102,103,104,105,106,107,108
63,64,65,66,67,68,69,70;71,72,73,74,75,76,77,78,79
99,100,101,102,103,104,105,106,107,108,109,110,111,112;81,82,83,84,85
68,69,70,71,72,73,74,75;51,52,53,54,55,56,57,58,59,60,61,62
79,80,81,82,83,84,85,86,87,88;83,84,85,86,87,88,89
53,54,55,56,57,58,59;63,64,65,66,67,68,69,70,71,72,73,74,75
54,55,56,57,58,59,60,61;60,61,62,63,64,65,66,67,68,69
56,57,58,59,60,61,62,63,64;61,62,63,64,65,66,67,68,69,70,71,72
92,93,94,95,96,97,98,99,100,101,102,103;60,61,62,63,64,65,66,67,68
89,90,91,92,93,94,95,96,97,98,99,100,101;59,60,61,62,63,64,65,66,67,68,69,70,71,72
50,51,52,53,54,55,56,57,58,59,60,61,62,63;61,62,63,64,65,66,67,68,69,70 