70.920 -38.797 14.354 99.323 90.374 7.581
-37.507 -3.263 40.079 27.999 65.213 -55.552
11.126 -81.806 -58.151 -61.355 -50.866 -12.699 14.247 -34.349 -87.421 18.495 -73.104 -43.320 -27.517
-40.432 4.991 -88.343 86.111 -88.552 44.886 28.817 -59.641 56.566 -37.458 -61.367 98.296 17.312 -90.001 -53.881 -81.330 81.353
-43.221 6.578 -37.655 12.466 -66.288 -29.653 72.996 -67.453 92.275 -95.051 -62.401 17.732 46.919 -79.989 35.099 22.470 -24.672
23.204 -16.797 37.277 62.438 -33.975 -40.487 78.622 77.545 37.802 -16.342 98.544 -96.583 -98.263 97.501 -70.927 -32.408
-43.038 -17.987 -46.826 -11.940 63.753 57.542 44.754 -10.852 -31.945 -53.212
-7.004 -40.754 -37.199 -34.733 17.015 45.084 -77.069 -56.890 -19.704 -78.856 37.379 -39.320
0.529 -78.264 -39.831 24.696 -99.029 58.739 -1.700 23.775 -96.967 -25.069 -88.160 -60.991 81.833 -82.932 -46.114 -55.648 11.704
-85.417 -94.060 -93.687 -90.581 -81.170 79.819 -85.023 61.116 -34.001 1.642 83.384 -2.020 -86.708 -93.399
44.249 -75.488 79.435 45.270 -65.096 49.105 -83.137 18.628 -9.921 90.652
94.073 -61.242 58.376 70.489 -2.404 76.376 61.976 -27.114 -5.393 -43.649 58.469 -24.121 60.322
56.910 -27.008 -12.202 56.046 12.069 1.020 78.306 -18.825 -62.216 5.082 32.407 -82.360 78.294 -95.942 -62.078 -60.659 84.800
-55.558 18.917 -46.619 -21.846 97.971 26.095 25.602 -81.144 58.382 -28.370 28.794 -30.037 -75.647 2.769 59.899 47.799 -45.491
-85.475 98.252 19.137 -61.221 66.829 -71.924 -18.970 40.531 80.420 31.463
-71.329 -89.176 31.217 -54.657 66.836 -32.018 67.217 24.728 11.709 99.711 -61.196 88.690 77.223 -53.109 78.130 -0.164 -5.086 0.297
-10.539 -17.645 -54.583 -36.094 6.377 -13.621 55.488 97.827 70.136 27.116 -39.022 -74.863 87.336 -16.154 83.097 61.925
16.287 -44.133 -43.689 37.998 62.862 -33.837 89.834 -59.813 -41.849 53.410 12.474 48.409 -28.352 -43.019 58.910 -57.807 41.738 -84.658
-68.440 88.702 -98.840 97.542 -14.250 -25.235 75.667 70.592 -24.645 -73.820 -43.383 -57.857 75.486 -68.699 -13.857 56.837 39.633 76.885
-64.319 -32.564 24.937 -0.260 -92.998 -11.355 -91.750 87.888 -67.974 57.897
-69.935 39.773 96.730 -40.263 -40.950 -55.840 -61.054 27.809 -79.350 -58.682 83.039 -36.769 -67.135 -39.951 88.513 -86.421 98.429 0.461 -14.567
-3.973 -3.995 -11.768 26.680 53.847 -30.370 2.906 44.950 86.584 98.613 -98.172 -7.596 -56.566 27.806 47.452 -80.103 -59.614 